.Random.seed <-
c(403L, 10L, 1204322842L, -2129639067L, -1955858433L, -590369146L, 
178517520L, 1411968179L, -156571823L, -776090880L, 554529246L, 
-596338135L, 292575707L, 1135642346L, -1015421812L, -1872417841L, 
967140229L, 1259008060L, -999931630L, -231012851L, -1481075385L, 
-1202995410L, 2002129544L, 1511388043L, -708893847L, -1074750152L, 
1651388390L, 1989601153L, 982761235L, -1688467262L, -1558731916L, 
1817718647L, 119560301L, 940242692L, 1480410666L, -1692554347L, 
-371470289L, 1276799286L, -1668675232L, -1334179933L, -1713123135L, 
-1933303632L, -1164120114L, 68199225L, -17110197L, -1717452550L, 
-329106948L, -1549739457L, -1698746603L, -829309908L, 624059650L, 
1167494621L, 1805126871L, 1339463614L, -971980296L, -1064143397L, 
464952377L, -645780088L, 1135012150L, 1263498097L, -1238077021L, 
-295506702L, 1123528772L, -43490553L, 2125705949L, -505340972L, 
-1481614598L, -607601083L, 1422386847L, -948274138L, -492250960L, 
584589651L, 1548164209L, 92004768L, 1792326974L, 75013193L, -1050502917L, 
1646317770L, 1364354604L, 608614959L, 2118005477L, -23492708L, 
1284076018L, 1076993133L, -1248694873L, -1479616562L, -1890847448L, 
1195779883L, 429829449L, -1480150440L, -2118382842L, -881793311L, 
740913779L, 1326004962L, 649332308L, -99840169L, -1999232179L, 
1526351588L, -1783216438L, 140937013L, 1488481679L, 1007504022L, 
344416832L, 1687577347L, -64695519L, 1131959312L, 1161343982L, 
-438549607L, 1867512875L, -1251915494L, 2084318172L, 1786678751L, 
-693823051L, 1307801420L, -1867027038L, 127958269L, -1947639305L, 
981462814L, 1898869208L, 1759210299L, 1067818201L, 1190187112L, 
950433174L, -1826960111L, 1437187779L, 963600082L, 711862116L, 
-2048148825L, 176079869L, -1005529612L, 288191194L, -1877285851L, 
1583647039L, 1107726022L, 1130218320L, 1782061939L, -2052264559L, 
1443082176L, 732211614L, -1331252375L, 318637979L, 1553895082L, 
-692746036L, -1168795249L, -327053883L, 1324896636L, 1414939090L, 
-1324032691L, -751509497L, -1780363282L, -1214548280L, 660195787L, 
923425833L, -1906840968L, -500893786L, 1353056705L, -1262479789L, 
-1189282558L, -994522060L, 723234231L, 191562157L, -91340092L, 
-1992845590L, -976144043L, 418746095L, 769289462L, 525655072L, 
-221094429L, -984908159L, 408631536L, -895699058L, -1392686855L, 
-1429532021L, -2075888966L, -1834467908L, 226092799L, -1880692139L, 
1051659628L, -1681521214L, 1974396445L, 2053447319L, -477456386L, 
1920426936L, 591953819L, 1698276857L, -540203704L, -58396554L, 
1673608625L, 190522339L, 1662279858L, -1609265916L, 1859292743L, 
456538397L, -1971243116L, -363513030L, -2073458811L, -155519905L, 
430472934L, -699382416L, -1590120813L, -1210149071L, -1002811936L, 
-209929602L, -805918455L, 1617562427L, 616694538L, -234419476L, 
-1692907665L, 115288229L, 1814479452L, 726921778L, -193529555L, 
-1135575065L, 1123600142L, 589207784L, -976131349L, -919673975L, 
427491096L, 252928582L, -1747107167L, 478356787L, -1255433054L, 
-1014508652L, 893110807L, 250318349L, 772893476L, -1622051062L, 
-1925490059L, -1212380721L, 718344956L, 581062548L, -208058302L, 
672808192L, 1385802812L, -1168495280L, -1599874910L, 355465032L, 
997242636L, 1709099740L, 1451914066L, -658623872L, -1296197548L, 
418081768L, 1843492602L, -686167728L, -1407270100L, 577292148L, 
-216177774L, 1275557472L, 1153773452L, -954707104L, -542504990L, 
749502376L, 40721612L, -312996356L, 1551952818L, 1328761328L, 
-1771771452L, -2019745448L, 658818426L, -928992848L, 206770108L, 
2109116500L, -1493261374L, -287374304L, -378708804L, 1443191376L, 
-828145694L, 51943016L, -1467852212L, -1706499844L, -1782616078L, 
864607488L, -125159564L, 1873862664L, -199055942L, 158924240L, 
6423532L, -1055604844L, 414890962L, -1144850592L, -525015732L, 
899173664L, 1017365378L, 20953832L, 2071192812L, -261232068L, 
-549041294L, 254601840L, 481818660L, 1642465080L, 605809818L, 
990753488L, -1419509572L, 707253908L, 1265149570L, 465968320L, 
-1304432324L, -463146864L, 825993762L, -1543477752L, 794771724L, 
-1805036900L, -742887918L, -706548352L, 1605049876L, -598338008L, 
681616698L, 1694877648L, 512152172L, -1135990988L, -1783700846L, 
1279211872L, -1767501492L, -1573752864L, 1499373474L, 833075112L, 
-1430975604L, 968763068L, 1040730994L, -75417360L, 1296373828L, 
800054616L, -902851526L, -1001585808L, -54426564L, -1649562860L, 
1545882050L, -433585952L, 145930108L, -1783292208L, -1918007646L, 
-1549482968L, 1883842828L, 1466725308L, 1292467506L, 1685413824L, 
626561588L, -1636328504L, -1875499846L, -269783152L, -598387220L, 
-1728462764L, -1290396014L, -1107199200L, 1299320268L, -173818912L, 
490996418L, -566912472L, 451755692L, 1581601468L, 856027634L, 
-1487533776L, 413133988L, 39576248L, 1826253658L, 1779101072L, 
1118433660L, 1449168148L, 1134340418L, -1562680576L, 32676796L, 
-1779786928L, -1482792670L, -1889936056L, 1407137804L, 2068314204L, 
1374299346L, -1515862016L, -1256170668L, 218890728L, -1303971846L, 
-691931440L, 497181996L, 1803348212L, -1287428206L, 1439063136L, 
-985621236L, -292960544L, 139459938L, 40018600L, -2107434420L, 
-1489578116L, -2023789774L, 1298275952L, -115958460L, -1573192744L, 
866005114L, 573646384L, -2096035140L, 1877477204L, 154843714L, 
-1986778208L, 2092656828L, 207708624L, -1592842910L, -1642556440L, 
-1312204852L, 899421948L, -838545422L, 2069937280L, -2142177036L, 
-856427384L, -362699462L, -1670020272L, -2001245076L, -1854201708L, 
97892690L, 440565472L, 707743948L, -1762469728L, 1216452994L, 
852506856L, -2144462612L, -779118532L, 14540914L, -1401608080L, 
-1400495580L, -2069831112L, 1208052250L, 369250512L, -924895684L, 
1700433044L, -1164471166L, -1346500672L, -2085442244L, 1291583120L, 
-1252764638L, 1160499208L, -1278198644L, 1158299676L, 493855890L, 
-353858432L, -251755500L, 520282920L, 29463610L, -1963037488L, 
584447084L, 410883764L, -1176068078L, -415907872L, 514051020L, 
1008844256L, -450130910L, -154970840L, 708008204L, 1472843324L, 
1517094130L, 705427696L, -1785907388L, -1256935336L, 979141178L, 
-109885200L, -661937476L, 1761511956L, -928895806L, -1927186870L, 
114736232L, 1016517713L, 1170997059L, -1853232572L, -613308174L, 
1928221895L, 309227153L, -599183338L, 551221876L, -1527137019L, 
-848825521L, 1001626952L, 2058784998L, -219806189L, -1332749963L, 
919412050L, 195005856L, 1588755593L, 301878459L, -22946036L, 
-1706314086L, 578055183L, 1758324825L, -1783954194L, -337969284L, 
-1977291795L, 1307776151L, 425484128L, -52832450L, -747763701L, 
-368070515L, -13981254L, 740771832L, 782197665L, -1841668781L, 
851678324L, 1568376322L, 1437816983L, 102173281L, 100631206L, 
-87274844L, 1032666965L, 2039251967L, 2094039704L, 1167435702L, 
1092029507L, 1763861893L, -1007157726L, -1729714928L, -318118727L, 
-157456021L, 1461667932L, 191473034L, -1130724993L, 693279945L, 
-234659490L, -267701748L, 1707832797L, 1202957543L, -2130216688L, 
840067118L, -1369157925L, 1340590013L, 1330585898L, 2130855368L, 
-124863759L, 2002228323L, 1982525540L, -1607042158L, -635867033L, 
-637808591L, -681762442L, -963662188L, 1400693925L, -1811383889L, 
-1070751128L, -548275642L, -1318060045L, 336977749L, -198639310L, 
-53222144L, 9926121L, 1715183707L, 1964970668L, -1684788038L, 
-557863313L, 1815837689L, 1258095246L, 631026524L, -131162163L, 
-870383817L, -74269248L, 1354424990L, 186661739L, -40893715L, 
1969583962L, -2135847912L, -1581377151L, -108376269L, -1285511852L, 
-202928286L, 1737720823L, -1674236863L, -1874007866L, 419124740L, 
-626376267L, 632110751L, -456724744L, -1153010986L, 869443427L, 
-819339483L, 180901058L, -1641840208L, 2115893721L, -1212852405L, 
-1014055492L, -423670294L, -1191888353L, -901181271L, -2036205506L, 
912750892L, -517049475L, -1067718201L, -1709708112L, 2106100430L, 
-1260617733L, 1368934493L, -687444086L, 453058472L, -456780527L, 
-1137128445L, -1547475196L, -138384590L, 1148168583L, -1844973615L, 
-1253129898L, 2068242228L, -4832699L, -1849946481L, 1650501640L, 
331562022L, 1152103635L, -356542923L, -105976430L, 551776608L, 
